%YAML:1.0
---
K: !!opencv-matrix
   rows: 3
   cols: 3
   dt: d
   data: [ 7.8956809905685918e+02, 0., 6.0723018401903255e+02, 0.,
       7.8972085342159858e+02, 3.9594909586211401e+02, 0., 0., 1. ]
D: !!opencv-matrix
   rows: 1
   cols: 5
   dt: d
   data: [ -3.4249388134999231e-01, 1.6488122927119911e-01,
       -1.6128162370959572e-03, 1.1590845284970531e-03,
       -4.9516817603937689e-02 ]
