%YAML:1.0
---
K: !!opencv-matrix
   rows: 3
   cols: 3
   dt: d
   data: [ 960, 0., 639.5,
           0., 960, 370,
           0., 0., 1. ]
D: !!opencv-matrix
   rows: 1
   cols: 5
   dt: d
   data: [ 1.3709289435901589e-01, -2.2102284308587544e-01,
       -4.7869220253146782e-03, -3.3552768171367002e-03,
       1.1793407019738578e-01 ]
